0 0.970563 0.713889 0.058875 0.074306
0 0.722699 0.548438 0.064523 0.070153
0 0.595125 0.528715 0.048922 0.060597
0 0.839027 0.618604 0.091758 0.080875
0 0.499820 0.556868 0.065250 0.073042
0 0.532348 0.674667 0.070008 0.105194
0 0.491508 0.462472 0.038531 0.040222
0 0.626020 0.499549 0.052102 0.053181
0 0.447813 0.457743 0.046500 0.048264
0 0.440617 0.581764 0.052109 0.067083
0 0.342871 0.543014 0.040086 0.067778
0 0.349941 0.470556 0.042695 0.068333
0 0.290379 0.596632 0.080289 0.177986
0 0.834203 0.554764 0.084281 0.075528
0 0.249937 0.517986 0.046641 0.078778
0 0.254797 0.455451 0.030703 0.036625
0 0.243719 0.430236 0.037312 0.034556
0 0.286480 0.403326 0.022117 0.024653
0 0.325559 0.418660 0.029055 0.025986
0 0.364922 0.436083 0.033828 0.035861
0 0.380973 0.426444 0.026461 0.026611
0 0.429770 0.423549 0.033398 0.030069
0 0.515648 0.439361 0.045109 0.045500
0 0.200879 0.399840 0.020602 0.017736
0 0.175184 0.391937 0.019086 0.017347
