0 0.379941 0.476062 0.038680 0.039181
0 0.331371 0.482854 0.038680 0.044764
0 0.257395 0.479660 0.037320 0.044764
0 0.249449 0.447806 0.032227 0.029944
0 0.199953 0.451424 0.014516 0.028903
0 0.263043 0.414903 0.017570 0.019194
0 0.401004 0.677424 0.060992 0.114903
0 0.443539 0.502944 0.049437 0.066778
0 0.369398 0.587653 0.046719 0.076750
0 0.352504 0.413264 0.024742 0.037472
0 0.693453 0.502632 0.035781 0.050653
0 0.597602 0.826569 0.094047 0.139778
0 0.657918 0.699174 0.088586 0.113542
0 0.544996 0.502125 0.044727 0.050056
0 0.308668 0.521285 0.039961 0.057486
0 0.467348 0.438743 0.040352 0.050375
0 0.650879 0.573160 0.051320 0.038792
0 0.628617 0.510549 0.052250 0.047597
0 0.703902 0.503556 0.056852 0.056694
0 0.417812 0.431215 0.041250 0.035486
0 0.856156 0.931986 0.113469 0.136028
0 0.662293 0.965979 0.113539 0.068042
0 0.543293 0.461583 0.049383 0.039417
0 0.531664 0.585993 0.052984 0.073847
0 0.920125 0.651618 0.100234 0.102764
0 0.766156 0.642278 0.077375 0.085111
0 0.374770 0.519632 0.043617 0.054375
0 0.498109 0.628722 0.066484 0.102194
