0 0.497332 0.481389 0.042758 0.038750
0 0.965617 0.707667 0.064375 0.065278
0 0.462691 0.949444 0.114289 0.095083
0 0.326355 0.416861 0.034852 0.035861
0 0.635223 0.557438 0.058961 0.051931
0 0.772852 0.652861 0.078312 0.090583
0 0.814422 0.519597 0.059906 0.057917
0 0.768801 0.568944 0.067367 0.067306
0 0.608117 0.889674 0.110719 0.182292
0 0.275813 0.707993 0.062688 0.101264
0 0.271941 0.832722 0.080508 0.161889
0 0.686523 0.742688 0.090188 0.116347
0 0.762918 0.409319 0.037430 0.050444
0 0.588848 0.458326 0.043320 0.043042
0 0.427070 0.438604 0.036406 0.033125
0 0.397305 0.446597 0.031688 0.029306
0 0.191508 0.398056 0.019703 0.019806
0 0.264855 0.407382 0.022914 0.023986
0 0.238621 0.410049 0.023555 0.026264
0 0.306828 0.468875 0.035766 0.038833
0 0.272988 0.488285 0.032336 0.042653
0 0.238340 0.529208 0.033773 0.054583
0 0.479211 0.613292 0.069547 0.094056
0 0.378449 0.611708 0.055883 0.088778
0 0.555793 0.465576 0.053070 0.050875
