0 0.330383 0.545535 0.044516 0.060764
0 0.936516 0.692208 0.085641 0.076556
0 0.282738 0.782111 0.078508 0.169556
0 0.663152 0.476292 0.043758 0.030861
0 0.879895 0.962799 0.126148 0.074403
0 0.675367 0.960056 0.111219 0.079889
0 0.546473 0.585354 0.073445 0.100597
0 0.286313 0.631479 0.048125 0.075958
0 0.275297 0.590306 0.043172 0.054361
0 0.979398 0.580125 0.041125 0.071694
0 0.237516 0.521153 0.036875 0.050361
0 0.202367 0.477396 0.030359 0.048181
0 0.240258 0.463799 0.033375 0.042375
0 0.212277 0.438813 0.031617 0.031681
0 0.262340 0.446847 0.038398 0.037028
0 0.340379 0.491896 0.038898 0.047736
0 0.346398 0.465576 0.037391 0.031681
0 0.499891 0.483160 0.043531 0.046986
0 0.534996 0.435868 0.036383 0.035236
0 0.444160 0.465090 0.036383 0.040153
0 0.473020 0.425389 0.045914 0.045500
0 0.391094 0.443229 0.033125 0.032125
0 0.381680 0.426507 0.033375 0.026319
0 0.313555 0.418694 0.027609 0.028556
0 0.263621 0.412229 0.024586 0.027208
0 0.234637 0.401299 0.027852 0.028542
0 0.189094 0.396611 0.018063 0.020083
0 0.811191 0.676153 0.085023 0.082917
0 0.682719 0.721694 0.086203 0.128083
0 0.522504 0.693181 0.066523 0.116250
0 0.676910 0.580743 0.062211 0.066819
0 0.929129 0.608486 0.083602 0.075306
0 0.397578 0.657521 0.069687 0.137236
0 0.596523 0.529813 0.038641 0.048931
0 0.610254 0.474090 0.050336 0.051625
0 0.447281 0.573403 0.053781 0.065833
