0 0.436055 0.944993 0.126781 0.110014
0 0.485961 0.466681 0.033984 0.043111
0 0.555629 0.460847 0.035242 0.038972
0 0.282715 0.652715 0.056102 0.099875
0 0.323359 0.515882 0.047531 0.090819
0 0.502848 0.649896 0.069930 0.107847
0 0.245195 0.468882 0.037844 0.045958
0 0.352063 0.438153 0.024984 0.019639
0 0.396699 0.429840 0.020930 0.020986
0 0.474445 0.467375 0.056922 0.043306
0 0.765852 0.602361 0.068687 0.075500
0 0.559059 0.775174 0.082117 0.124764
0 0.835090 0.689382 0.090305 0.084542
0 0.825617 0.553174 0.072453 0.071042
0 0.236668 0.930236 0.090727 0.139528
0 0.634062 0.481028 0.047766 0.041278
0 0.621793 0.450653 0.047102 0.033611
0 0.614992 0.503146 0.049422 0.046569
0 0.200863 0.391833 0.022961 0.021917
0 0.303566 0.400472 0.026758 0.022028
0 0.272719 0.404660 0.026016 0.023347
0 0.322648 0.419639 0.027750 0.025111
0 0.382922 0.484243 0.042984 0.045708
0 0.261449 0.542924 0.042602 0.053903
0 0.976453 0.816937 0.047094 0.094153
0 0.968664 0.710063 0.062672 0.106069
