0 0.528711 0.726479 0.068359 0.103097
0 0.780879 0.422576 0.036852 0.041042
0 0.813254 0.925285 0.163148 0.149431
0 0.431250 0.936604 0.136094 0.126792
0 0.386320 0.626479 0.060344 0.094069
0 0.591023 0.523118 0.037328 0.045514
0 0.456922 0.587201 0.055906 0.070347
0 0.276934 0.604681 0.046836 0.076667
0 0.785410 0.561993 0.099039 0.095264
0 0.850078 0.562396 0.061766 0.079153
0 0.718422 0.604090 0.064609 0.080347
0 0.975699 0.824097 0.048602 0.088694
0 0.214738 0.400528 0.019914 0.016750
0 0.252113 0.394056 0.019273 0.018278
0 0.405766 0.434604 0.032766 0.030069
0 0.373746 0.440889 0.032977 0.033500
0 0.264434 0.482972 0.039523 0.048167
0 0.259324 0.551257 0.042633 0.056847
0 0.345695 0.488889 0.043078 0.058417
0 0.455160 0.519285 0.051508 0.059208
0 0.482926 0.471910 0.041492 0.029542
0 0.575605 0.480167 0.052039 0.051056
0 0.613719 0.476444 0.036594 0.034639
0 0.306184 0.413299 0.020102 0.019597
0 0.482750 0.459958 0.040453 0.051111
