0 0.348184 0.432743 0.032867 0.027208
0 0.221086 0.420035 0.032625 0.046403
0 0.195496 0.439250 0.020055 0.023000
0 0.560852 0.510090 0.048672 0.048569
0 0.289469 0.501903 0.037484 0.041806
0 0.227262 0.470313 0.069102 0.060264
0 0.779273 0.545604 0.044672 0.039958
0 0.745027 0.559569 0.055695 0.054778
0 0.396125 0.691528 0.059344 0.093444
0 0.659371 0.514181 0.059820 0.047861
0 0.240484 0.466326 0.041906 0.049708
0 0.502387 0.554028 0.049195 0.056472
0 0.267316 0.539250 0.040164 0.069194
0 0.620637 0.550562 0.052273 0.055542
0 0.866848 0.720812 0.096039 0.097514
0 0.732617 0.622715 0.073203 0.071819
0 0.453598 0.956819 0.120508 0.086361
0 0.368113 0.510035 0.045867 0.056764
0 0.428375 0.502840 0.043172 0.053569
0 0.506176 0.445681 0.120523 0.137500
0 0.437590 0.436486 0.031930 0.032778
0 0.361859 0.419139 0.018063 0.021417
