0 0.224715 0.382028 0.023852 0.024667
0 0.313867 0.424660 0.029781 0.022375
0 0.671738 0.958979 0.116055 0.082042
0 0.495062 0.550465 0.051172 0.063153
0 0.419809 0.541361 0.055992 0.064222
0 0.602234 0.468785 0.018438 0.029569
0 0.444375 0.461993 0.036406 0.030375
0 0.487781 0.440035 0.033281 0.029653
0 0.237066 0.521951 0.038227 0.054375
0 0.263602 0.485972 0.037328 0.043167
0 0.228750 0.453597 0.037781 0.037583
0 0.243039 0.409403 0.027547 0.025444
0 0.409402 0.675194 0.059086 0.113833
0 0.266898 0.396681 0.018438 0.020056
0 0.521508 0.653722 0.071312 0.110250
0 0.850840 0.694007 0.089523 0.083181
0 0.340656 0.542938 0.051359 0.061986
0 0.284801 0.690958 0.060633 0.132806
0 0.366016 0.424792 0.040141 0.047306
0 0.246949 0.907264 0.098727 0.153556
0 0.877773 0.645674 0.082687 0.071264
0 0.576258 0.483083 0.050875 0.052889
0 0.774734 0.870417 0.118641 0.148306
0 0.456187 0.604014 0.051344 0.077194
0 0.715336 0.513646 0.055375 0.059792
0 0.700340 0.598917 0.066695 0.071306
0 0.267227 0.587076 0.047422 0.076542
