0 0.913605 0.577306 0.082945 0.086500
0 0.322051 0.417250 0.041477 0.034167
0 0.333816 0.486021 0.042555 0.046042
0 0.194668 0.390035 0.023852 0.023292
0 0.210457 0.402576 0.021836 0.022097
0 0.259672 0.407056 0.029563 0.028667
0 0.397902 0.414222 0.038633 0.034639
0 0.288730 0.439007 0.037289 0.040014
0 0.261352 0.455729 0.034266 0.035236
0 0.262023 0.483799 0.038297 0.043597
0 0.372203 0.475139 0.036953 0.041806
0 0.430895 0.509958 0.046773 0.061556
0 0.733270 0.800319 0.117023 0.183250
0 0.436883 0.570611 0.022984 0.070583
0 0.390559 0.632535 0.090555 0.186986
0 0.293238 0.778486 0.072430 0.150000
0 0.737738 0.492535 0.051555 0.051847
0 0.748547 0.577972 0.070609 0.064361
0 0.544289 0.733528 0.073797 0.110306
0 0.301063 0.596229 0.042797 0.074347
0 0.897281 0.460250 0.070922 0.064389
0 0.508844 0.566375 0.054641 0.063167
0 0.328020 0.541375 0.038570 0.062972
0 0.292254 0.506646 0.039008 0.062097
0 0.251699 0.551090 0.041086 0.049458
