0 0.842543 0.615944 0.072773 0.069472
0 0.736105 0.518403 0.052773 0.050639
0 0.700043 0.537701 0.057023 0.058625
0 0.476270 0.632667 0.059898 0.081889
0 0.343727 0.416694 0.018656 0.015194
0 0.298625 0.406292 0.025594 0.023194
0 0.265500 0.414549 0.020078 0.019181
0 0.224352 0.407632 0.022078 0.024986
0 0.254461 0.402278 0.021078 0.021417
0 0.235867 0.439153 0.032266 0.028333
0 0.268906 0.434313 0.030703 0.025569
0 0.323512 0.446403 0.039648 0.045611
0 0.230816 0.468174 0.032258 0.040764
0 0.273957 0.462993 0.033820 0.035931
0 0.402219 0.447097 0.033813 0.033167
0 0.464020 0.450896 0.035367 0.038014
0 0.516684 0.431201 0.044305 0.042847
0 0.385313 0.483375 0.036531 0.038000
0 0.379871 0.513431 0.044305 0.062194
0 0.461105 0.519993 0.051305 0.067014
0 0.661074 0.467479 0.046258 0.042153
0 0.544664 0.582875 0.059078 0.078083
0 0.981746 0.816368 0.036508 0.141847
0 0.990824 0.642319 0.018023 0.057972
0 0.338211 0.525931 0.062266 0.090028
0 0.438078 0.582187 0.048578 0.062819
0 0.623305 0.679708 0.078016 0.101861
0 0.292566 0.503799 0.040148 0.049764
0 0.552844 0.472118 0.052297 0.055625
0 0.262273 0.898542 0.121719 0.191667
0 0.778332 0.642958 0.087617 0.117111
0 0.616543 0.497646 0.051570 0.059653
0 0.285273 0.625569 0.060234 0.103528
0 0.369184 0.440528 0.023711 0.028333
