0 0.253266 0.404146 0.023562 0.025514
0 0.343277 0.409819 0.026086 0.020389
0 0.567551 0.443736 0.040414 0.037889
0 0.382117 0.624201 0.050766 0.077236
0 0.239656 0.521167 0.040266 0.063167
0 0.307414 0.529340 0.047016 0.072653
0 0.639145 0.561507 0.038602 0.050625
0 0.985582 0.636264 0.028383 0.087583
0 0.830715 0.612056 0.071617 0.062139
0 0.853082 0.942514 0.107055 0.108250
0 0.334297 0.427931 0.026094 0.025306
0 0.668086 0.521965 0.043828 0.044931
0 0.423809 0.421687 0.037070 0.034153
0 0.507133 0.464465 0.040359 0.037986
0 0.874926 0.697778 0.079148 0.081972
0 0.273965 0.839493 0.085648 0.135764
0 0.561555 0.487556 0.039969 0.045000
0 0.597711 0.641104 0.068781 0.092931
0 0.434359 0.894215 0.102469 0.202986
0 0.345000 0.490903 0.041000 0.045361
0 0.295547 0.465424 0.041281 0.043319
0 0.187734 0.395201 0.022703 0.022069
0 0.231422 0.398056 0.020125 0.017889
