0 0.362687 0.412896 0.024031 0.022903
0 0.387219 0.427431 0.029984 0.030833
0 0.506223 0.425500 0.103023 0.085250
0 0.274867 0.490236 0.039078 0.048944
0 0.321941 0.476813 0.041742 0.037903
0 0.372117 0.511160 0.042625 0.049736
0 0.258258 0.944826 0.104047 0.110347
0 0.471941 0.969368 0.112836 0.061264
0 0.623863 0.867090 0.118477 0.166208
0 0.258871 0.546056 0.041852 0.098833
0 0.565293 0.478840 0.051898 0.052153
0 0.800590 0.506889 0.063258 0.047667
0 0.778430 0.655236 0.084578 0.071583
0 0.332496 0.536979 0.043039 0.062375
0 0.567648 0.518965 0.055547 0.050431
0 0.682031 0.499986 0.052500 0.048028
0 0.962680 0.604542 0.074641 0.071000
0 0.651812 0.444938 0.124187 0.080431
0 0.301055 0.650069 0.051656 0.093056
0 0.424316 0.566549 0.052336 0.080403
0 0.821996 0.559021 0.068773 0.055764
0 0.709703 0.551840 0.060687 0.062014
0 0.213770 0.393736 0.028992 0.024222
0 0.249078 0.401007 0.024781 0.022903
0 0.281789 0.405188 0.025766 0.023347
0 0.301363 0.420826 0.022305 0.023792
0 0.343977 0.432278 0.024281 0.027306
